0,0,18.494398191328656,27/11/2012
0,1,20.10252512380928,28/11/2012
0,2,25.381519304731007,29/11/2012
0,3,24.96858641773333,30/11/2012
0,4,33.79244557090061,01/12/2012
0,5,36.734933927151616,02/12/2012
0,6,29.83336404614745,03/12/2012
1,0,18.728427607281482,04/12/2012
1,1,19.43285832519842,05/12/2012
1,2,25.34521961353023,06/12/2012
1,3,23.590379943174142,07/12/2012
1,4,36.600401473674914,08/12/2012
1,5,42.46515263374798,09/12/2012
1,6,36.39833122098978,10/12/2012
2,0,19.878152836314687,11/12/2012
2,1,20.529671663977147,12/12/2012
2,2,30.63362518310253,13/12/2012
2,3,33.274177680909276,14/12/2012
2,4,42.14273827666037,15/12/2012
2,5,35.167700124379586,16/12/2012
2,6,23.847556477292073,17/12/2012
3,0,19.00469849120645,18/12/2012
3,1,21.01520585233244,19/12/2012
3,2,26.52372986997662,20/12/2012
3,3,33.747439832475806,21/12/2012
3,4,36.0830766969887,22/12/2012
3,5,39.81952765739685,23/12/2012
3,6,38.265212787094285,24/12/2012
4,0,20.197276976004815,25/12/2012
4,1,22.24028453530125,26/12/2012
4,2,25.268685116133828,27/12/2012
4,3,31.611910015653432,28/12/2012
4,4,31.3069479367852,29/12/2012
4,5,35.78242106423166,30/12/2012
4,6,22.76368369912009,31/12/2012
5,0,19.889910834241647,01/01/2013
5,1,20.798068258987055,02/01/2013
5,2,24.182838549434717,03/01/2013
5,3,30.530066737019474,04/01/2013
5,4,31.25284080653516,05/01/2013
5,5,29.59144595647761,06/01/2013
5,6,16.345408904504126,07/01/2013
6,0,19.33611179649492,08/01/2013
6,1,20.485364724874128,09/01/2013
6,2,25.975943046057463,10/01/2013
6,3,33.37352395602196,11/01/2013
6,4,32.15368666315499,12/01/2013
6,5,40.62148897133363,13/01/2013
6,6,16.597679865689084,14/01/2013
7,0,20.03642787009646,15/01/2013
7,1,25.235947298955452,16/01/2013
7,2,27.60612180794101,17/01/2013
7,3,32.028515179846615,18/01/2013
7,4,40.273550344548546,19/01/2013
7,5,36.854567548734686,20/01/2013
7,6,28.12498552283988,21/01/2013
8,0,19.766106865444037,22/01/2013
8,1,23.340009548985073,23/01/2013
8,2,29.86355906823906,24/01/2013
8,3,30.19454495482831,25/01/2013
8,4,28.46428267862417,26/01/2013
8,5,24.087876900260724,27/01/2013
8,6,17.097695722041276,28/01/2013
9,0,20.07855886244405,29/01/2013
9,1,20.50687102368611,30/01/2013
9,2,21.835743829470776,31/01/2013
9,3,22.735218202643672,01/02/2013
9,4,25.855350486986467,02/02/2013
9,5,23.318526028113524,03/02/2013
9,6,24.157321214931372,04/02/2013
10,0,19.008928824322254,05/02/2013
10,1,22.940924977096387,06/02/2013
10,2,25.02258051143688,07/02/2013
10,3,32.79946526798965,08/02/2013
10,4,37.64242717218195,09/02/2013
10,5,35.312153154970055,10/02/2013
10,6,32.9629830186968,11/02/2013
11,0,18.68777450163438,12/02/2013
11,1,22.330326234304692,13/02/2013
11,2,27.564541225814473,14/02/2013
11,3,30.79776574294535,15/02/2013
11,4,33.4125603231342,16/02/2013
11,5,35.05807015007702,17/02/2013
11,6,24.72960029756612,18/02/2013
12,0,19.11109280035482,19/02/2013
12,1,23.02018043562195,20/02/2013
12,2,28.5072072645871,21/02/2013
12,3,26.01122045946031,22/02/2013
12,4,29.632025566194244,23/02/2013
12,5,32.34578100908547,24/02/2013
12,6,21.57771003151525,25/02/2013
13,0,19.430879866379435,26/02/2013
13,1,22.144811837067394,27/02/2013
13,2,26.16741722239393,28/02/2013
13,3,30.901208093124396,01/03/2013
13,4,36.70207488544154,02/03/2013
13,5,28.938174824649415,03/03/2013
13,6,26.385830948535865,04/03/2013
14,0,20.32660585996909,05/03/2013
14,1,22.70585264094031,06/03/2013
14,2,28.040520095493342,07/03/2013
14,3,31.613393823751572,08/03/2013
14,4,35.77993667745674,09/03/2013
14,5,30.438309137788337,10/03/2013
14,6,31.711628425524083,11/03/2013
15,0,20.609095786709158,12/03/2013
15,1,23.425164225855013,13/03/2013
15,2,33.20446637859524,14/03/2013
15,3,32.14280903265805,15/03/2013
15,4,44.30145758172018,16/03/2013
15,5,32.757729504885376,17/03/2013
15,6,41.8751126346017,18/03/2013
16,0,21.425581236561605,19/03/2013
16,1,23.779097229176966,20/03/2013
16,2,32.21605787926852,21/03/2013
16,3,27.58958627973238,22/03/2013
16,4,28.969242199380346,23/03/2013
16,5,32.98629061991649,24/03/2013
16,6,27.704650951675834,25/03/2013
17,0,20.51988435912146,26/03/2013
17,1,24.026680213980935,27/03/2013
17,2,30.71273430762236,28/03/2013
17,3,28.425747359444884,29/03/2013
17,4,28.514807255571668,30/03/2013
17,5,27.873676075509454,31/03/2013
17,6,35.43127174650085,01/04/2013
18,0,20.511525556010632,02/04/2013
18,1,24.870259628934598,03/04/2013
18,2,27.05288020761383,04/04/2013
18,3,31.812604584975684,05/04/2013
18,4,38.873043940963036,06/04/2013
18,5,37.56586307153496,07/04/2013
18,6,30.676301544533537,08/04/2013
19,0,18.508794840216027,09/04/2013
19,1,19.659882392941608,10/04/2013
19,2,29.670440323192025,11/04/2013
19,3,32.78693340775543,12/04/2013
19,4,35.058513453406945,13/04/2013
19,5,35.038441553524095,14/04/2013
19,6,21.98143876090214,15/04/2013
20,0,21.17978341745076,16/04/2013
20,1,23.70573769578523,17/04/2013
20,2,23.41985115651799,18/04/2013
20,3,28.95863858484687,19/04/2013
20,4,34.00069919671361,20/04/2013
20,5,32.8254095253812,21/04/2013
20,6,23.950869533689712,22/04/2013
21,0,19.709899672475363,23/04/2013
21,1,21.768883764576863,24/04/2013
21,2,31.420509925330872,25/04/2013
21,3,32.61661529547108,26/04/2013
21,4,28.665234969638217,27/04/2013
21,5,30.847222112610403,28/04/2013
21,6,21.551875995911914,29/04/2013
22,0,19.775612016211156,30/04/2013
22,1,20.84829646704684,01/05/2013
22,2,29.564839722311465,02/05/2013
22,3,27.568503567789147,03/05/2013
22,4,29.429796064047583,04/05/2013
22,5,26.620631410378486,05/05/2013
22,6,15.31450307770616,06/05/2013
23,0,19.672394030976694,07/05/2013
23,1,23.226552961968196,08/05/2013
23,2,28.937220419362966,09/05/2013
23,3,33.81389174422815,10/05/2013
23,4,45.07899640886551,11/05/2013
23,5,29.586156589651058,12/05/2013
23,6,24.93220831519932,13/05/2013
24,0,20.97160916143242,14/05/2013
24,1,21.934370344372994,15/05/2013
24,2,25.541509622428467,16/05/2013
24,3,28.0434626130814,17/05/2013
24,4,33.74070627262294,18/05/2013
24,5,37.55066630669658,19/05/2013
24,6,26.55929107287666,20/05/2013
25,0,19.39269288678308,21/05/2013
25,1,22.373899799055433,22/05/2013
25,2,24.198729868178713,23/05/2013
25,3,30.426662071962664,24/05/2013
25,4,39.72518582297636,25/05/2013
25,5,27.448828948736953,26/05/2013
25,6,23.690672100887323,27/05/2013
26,0,17.42213102204135,28/05/2013
26,1,23.35995236432176,29/05/2013
26,2,27.009421171585412,30/05/2013
26,3,34.88019762922503,31/05/2013
26,4,29.9249789126667,01/06/2013
26,5,25.580675342187476,02/06/2013
26,6,29.573017127234177,03/06/2013
27,0,18.813343213840113,04/06/2013
27,1,21.177261326740016,05/06/2013
27,2,23.202526274055973,06/06/2013
27,3,23.011012871331832,07/06/2013
27,4,26.66025774083494,08/06/2013
27,5,22.700217799735807,09/06/2013
27,6,19.85900662405468,10/06/2013
28,0,19.720919424809896,11/06/2013
28,1,20.757533855041235,12/06/2013
28,2,22.478896439544435,13/06/2013
28,3,27.45610976940123,14/06/2013
28,4,30.745037140333988,15/06/2013
28,5,33.66851273954704,16/06/2013
28,6,24.543089116005188,17/06/2013
29,0,19.586971939504316,18/06/2013
29,1,19.8972388200906,19/06/2013
29,2,23.0907672492618,20/06/2013
29,3,30.85774663463199,21/06/2013
29,4,45.15144569140685,22/06/2013
29,5,29.147119811349125,23/06/2013
29,6,23.931752624307983,24/06/2013
30,0,19.457778952342494,25/06/2013
30,1,21.870748800127114,26/06/2013
30,2,28.6193256407512,27/06/2013
30,3,31.308425404119706,28/06/2013
30,4,24.48626899959715,29/06/2013
30,5,29.812360842275,30/06/2013
30,6,33.81934323185345,01/07/2013
31,0,20.05053554084876,02/07/2013
31,1,20.168161678937885,03/07/2013
31,2,23.626560001968087,04/07/2013
31,3,31.072603343472753,05/07/2013
31,4,35.12583686888983,06/07/2013
31,5,29.216873100644655,07/07/2013
31,6,18.81164595217918,08/07/2013
32,0,20.771990361536353,09/07/2013
32,1,23.335968550459548,10/07/2013
32,2,24.058501872536638,11/07/2013
32,3,27.50848796920764,12/07/2013
32,4,27.640451416000445,13/07/2013
32,5,29.31162077133059,14/07/2013
32,6,25.16334628513053,15/07/2013
33,0,19.666069921087537,16/07/2013
33,1,21.737924026943922,17/07/2013
33,2,27.718842704274298,18/07/2013
33,3,30.975405340115376,19/07/2013
33,4,32.87981929582581,20/07/2013
33,5,35.121763251833144,21/07/2013
33,6,34.59073193111446,22/07/2013
34,0,18.711358985953918,23/07/2013
34,1,22.184498859281074,24/07/2013
34,2,22.104263289609715,25/07/2013
34,3,25.265344341769055,26/07/2013
34,4,34.71280650178714,27/07/2013
34,5,36.28643545495503,28/07/2013
34,6,31.014308119374743,29/07/2013
35,0,18.99036986941575,30/07/2013
35,1,24.25181961343262,31/07/2013
35,2,25.772332615307068,01/08/2013
35,3,31.523313119672462,02/08/2013
35,4,28.086069488650125,03/08/2013
35,5,33.856736511127274,04/08/2013
35,6,27.309621143274033,05/08/2013
36,0,21.471170582046057,06/08/2013
36,1,22.681196733807393,07/08/2013
36,2,31.310910693798437,08/08/2013
36,3,31.113381867468558,09/08/2013
36,4,42.325948472217654,10/08/2013
36,5,36.96317178671941,11/08/2013
36,6,29.603697479535448,12/08/2013
37,0,20.02624807466039,13/08/2013
37,1,20.837470524952693,14/08/2013
37,2,27.902143047752208,15/08/2013
37,3,31.50576033574566,16/08/2013
37,4,32.251117967129545,17/08/2013
37,5,43.898353205949775,18/08/2013
37,6,33.24164003346685,19/08/2013
38,0,20.092580568452817,20/08/2013
38,1,23.177647399055683,21/08/2013
38,2,29.94827063905073,22/08/2013
38,3,27.69941398482793,23/08/2013
38,4,30.089451276848923,24/08/2013
38,5,24.602733536285985,25/08/2013
38,6,21.67977018915416,26/08/2013
39,0,19.877269651741,27/08/2013
39,1,22.779635685344942,28/08/2013
39,2,28.040610632077808,29/08/2013
39,3,30.656527047549258,30/08/2013
39,4,34.2888939793532,31/08/2013
39,5,31.03920667363201,01/09/2013
39,6,26.311958339789772,02/09/2013
40,0,18.546372294366176,03/09/2013
40,1,22.593983144027767,04/09/2013
40,2,24.5083658433323,05/09/2013
40,3,26.397628140438812,06/09/2013
40,4,28.38093371500295,07/09/2013
40,5,24.38268579813904,08/09/2013
40,6,13.93841743586099,09/09/2013
41,0,19.356765923907325,10/09/2013
41,1,22.68830024361211,11/09/2013
41,2,29.94797660584734,12/09/2013
41,3,27.48106222268092,13/09/2013
41,4,25.965084752659305,14/09/2013
41,5,30.287241954999057,15/09/2013
41,6,15.930558216708775,16/09/2013
42,0,20.497867870559645,17/09/2013
42,1,24.147316409089424,18/09/2013
42,2,29.906333699925515,19/09/2013
42,3,29.72695313319197,20/09/2013
42,4,32.6826958237229,21/09/2013
42,5,30.065688179421016,22/09/2013
42,6,20.56897090652491,23/09/2013
43,0,17.723783722284395,24/09/2013
43,1,20.57412630789728,25/09/2013
43,2,22.536490360420995,26/09/2013
43,3,22.43884033204432,27/09/2013
43,4,26.66767578538476,28/09/2013
43,5,39.730191202612275,29/09/2013
43,6,24.11989307542512,30/09/2013
44,0,19.05218602612206,01/10/2013
44,1,22.132662838747855,02/10/2013
44,2,21.692072373866196,03/10/2013
44,3,27.42040322209476,04/10/2013
44,4,24.938471909643685,05/10/2013
44,5,27.353214842580638,06/10/2013
44,6,25.673249288520154,07/10/2013
45,0,20.03950871046426,08/10/2013
45,1,20.6777579748157,09/10/2013
45,2,29.929518140896135,10/10/2013
45,3,31.190863239381272,11/10/2013
45,4,37.65559467158115,12/10/2013
45,5,41.793079547983986,13/10/2013
45,6,15.491750694769388,14/10/2013
46,0,20.297846538070452,15/10/2013
46,1,17.656927653394845,16/10/2013
46,2,23.79274599284413,17/10/2013
46,3,35.09985592773966,18/10/2013
46,4,40.07044644726403,19/10/2013
46,5,34.03379123708859,20/10/2013
46,6,32.36477306248953,21/10/2013
47,0,20.6941928428589,22/10/2013
47,1,25.093531511869216,23/10/2013
47,2,28.002669057715607,24/10/2013
47,3,27.122074243981082,25/10/2013
47,4,30.73049410346479,26/10/2013
47,5,25.362970284724007,27/10/2013
47,6,29.965386323140443,28/10/2013
48,0,19.21679816723578,29/10/2013
48,1,21.6392088046407,30/10/2013
48,2,26.75630668464296,31/10/2013
48,3,25.897155590524893,01/11/2013
48,4,29.302870993883968,02/11/2013
48,5,30.146399450145193,03/11/2013
48,6,20.35653802709163,04/11/2013
49,0,19.809443791387437,05/11/2013
49,1,25.645140613702807,06/11/2013
49,2,26.09350648929925,07/11/2013
49,3,32.21371623758873,08/11/2013
49,4,34.946627593651925,09/11/2013
49,5,34.978855416220355,10/11/2013
49,6,22.635158056820142,11/11/2013
50,0,18.547813480895396,12/11/2013
50,1,22.422151167378953,13/11/2013
50,2,23.709818997655667,14/11/2013
50,3,25.343282525228567,15/11/2013
50,4,32.50015352296413,16/11/2013
50,5,26.564832173818303,17/11/2013
50,6,21.508114537827794,18/11/2013
51,0,18.56413757832307,19/11/2013
51,1,23.133707446077363,20/11/2013
51,2,27.311830607832608,21/11/2013
51,3,29.3208909050731,22/11/2013
51,4,25.09887821779297,23/11/2013
51,5,32.21386238822765,24/11/2013
51,6,27.946916298600645,25/11/2013
