((5,111),0;3;0;5;111;33541.97999999914;5429.500000000048;243.76067929279614;0.80634808130539;31362.0;29801.0;259969.0;559032.9999999856;321132.0)
((11,111),0;4;0;11;111;60905.00599999883;5791.887999999995;242.96470034729464;4.750933849328106;57801.0;53490.0;383909.0;1015083.4333333138;495200.0)
((10,112),0;4;0;10;112;44598.38800000311;4128.707999999945;239.68671728844515;3.825160589994549;46162.0;42282.0;247113.0;743306.4666667186;335557.0)
((1,109),0;0;0;1;109;56488.88600000318;4581.607999999993;243.04390049364864;0.9877960081910715;47584.0;64604.0;270274.0;941481.4333333863;382462.0)
((11,110),0;3;0;11;110;56833.91199999908;4070.958000000014;246.2501674440138;1.7347648648242706;45107.0;39459.0;307346.0;947231.8666666512;391912.0)
((2,109),0;0;0;2;109;58862.19200000087;5122.184000000014;240.59230657965495;14.646977744851727;60769.0;104762.0;290361.0;981036.5333333479;455892.0)
((2,112),0;4;0;2;112;48155.8979999982;5328.959999999976;244.03502457900709;1.9977295636519599;35089.0;60872.0;324352.0;802598.2999999699;420313.0)
((4,109),0;5;0;4;109;44008.87199999885;5148.89400000001;237.04845521848637;1.7750054180608459;75737.0;72132.0;229448.0;733481.1999999809;377317.0)
((6,112),0;0;0;6;112;32187.751999997676;7386.889999999938;238.63533253480608;0.6235594976693397;17667.0;34359.0;192912.0;536462.5333332946;244938.0)
((5,109),0;1;0;5;109;35682.82799999778;6317.97999999994;239.1150751717917;11.10741626026702;59672.0;69939.0;188851.0;594713.799999963;318462.0)
