((5,110),0;2;0;5;110;42943.97199999632;6550.437999999925;240.8923243717595;5.0062495232257875;68728.0;63449.0;290103.0;715732.8666666053;422280.0)
((3,111),0;5;0;3;111;49275.5239999976;5314.587999999914;243.54497037692713;5.970520240534613;54506.0;52601.0;307840.0;821258.7333332932;414947.0)
((8,110),0;3;0;8;110;42667.79200000008;5399.153999999936;243.89855149315557;1.398437524836433;52376.0;44590.0;284282.0;711129.866666668;381248.0)
((4,111),0;0;0;4;111;45209.83000000014;5337.735999999937;243.08183716425984;0.6257588580434164;43570.0;50099.0;311048.0;753497.1666666691;404717.0)
((1,110),0;1;0;1;110;47997.72399999987;3550.740000000014;241.92850828191087;1.1890624821186087;40192.0;52873.0;247856.0;799962.0666666646;340921.0)
((6,110),0;4;0;6;110;35477.41799999985;6551.445999999973;240.67267577097627;2.3142883742208515;47313.0;44416.0;227228.0;591290.2999999975;318957.0)
((4,110),0;6;0;4;110;45721.86000000133;6896.587999999831;242.22660618288958;5.312792447365355;53084.0;58907.0;290620.0;762031.0000000222;402611.0)
((6,109),0;3;0;6;109;29703.829999998867;5674.0619999999035;235.8597713280967;0.40947261904373145;43052.0;55733.0;154815.0;495063.83333331445;253600.0)
((1,112),0;3;0;1;112;55471.70599999919;4130.217999999909;240.8619062482337;1.9999000549316457;49268.0;53590.0;411714.0;924528.4333333198;514572.0)
((11,108),0;2;0;11;108;41813.282000000145;2889.435999999995;242.00441543428775;10.89997564557991;27460.0;48712.0;162951.0;696888.0333333357;239123.0)
((7,111),0;1;0;7;111;29076.40399999949;8243.43199999989;243.71079634701334;2.016127243640038;34023.0;38217.0;192064.0;484606.73333332484;264304.0)
((8,112),0;6;0;8;112;36309.42400000053;4773.661999999979;242.9123162317722;1.5065925285398423;36865.0;32508.0;257861.0;605157.0666666755;327234.0)
((9,109),0;4;0;9;109;49276.36999999672;4171.170000000019;243.09390861341603;1.3594331728915379;43218.0;87914.0;256080.0;821272.8333332787;387212.0)
((0,111),0;6;0;0;111;62950.0079999999;4396.52599999989;241.9576487129538;12.996171760858378;74651.0;72952.0;329606.0;1049166.7999999984;477209.0)
((10,109),0;0;0;10;109;55918.644000003085;4170.904000000011;243.976430882952;1.7937377952974205;50823.0;73666.0;299690.0;931977.4000000514;424179.0)
((9,111),0;6;0;9;111;51088.72000000173;5866.397999999916;242.82638228552707;1.198438453639409;54728.0;53729.0;327505.0;851478.6666666956;435962.0)
