((0,110),0;5;0;0;110;65169.38200000287;3908.2379999999002;239.90825335726893;9.243135770013739;61761.0;62911.0;312175.0;1086156.3666667144;436847.0)
((9,110),0;5;0;9;110;50696.459999996056;4712.901999999938;243.030435389746;2.7250000000001404;44093.0;63228.0;275887.0;844940.9999999343;383208.0)
((2,111),0;2;0;2;111;54758.9860000013;4657.393999999989;245.18064284768062;2.8560348193161187;64645.0;48427.0;328697.0;912649.7666666883;441769.0)
((9,112),0;1;0;9;112;51932.95400000302;6140.415999999985;246.00015093791814;6.140313720982453;48199.0;60220.0;315669.0;865549.2333333836;424088.0)
((8,109),0;2;0;8;109;41872.605999999905;5443.416000000047;239.06119280108157;5.424999714677685;52841.0;75277.0;226375.0;697876.7666666651;354493.0)
((7,109),0;6;0;7;109;34096.46000000007;5033.643999999967;241.69712928548705;3.619919581013583;36251.0;49711.0;225442.0;568274.3333333345;311404.0)
((3,110),0;4;0;3;110;48209.991999999;5361.759999999991;241.49411869353395;1.2015624046530236;47080.0;70871.0;295678.0;803499.86666665;413629.0)
((6,111),0;5;0;6;111;27590.444000001287;7487.970000000059;240.53869079291246;2.1328156743210807;18226.0;42528.0;187936.0;459840.7333333548;248690.0)
((5,112),0;5;0;5;112;41885.42400000114;6484.717999999994;237.3369986114267;16.300515735894464;65747.0;47675.0;306934.0;698090.400000019;420356.0)
((7,112),0;3;0;7;112;22103.37400000068;4782.076000000046;242.2661578229472;5.059472942212619;12499.0;26983.0;160189.0;368389.566666678;199671.0)
((7,110),0;0;0;7;110;12341.880000001775;5705.045999999986;242.9886184154182;5.250012436369044;3873.0;22264.0;79665.0;205698.0000000296;105802.0)
((4,112),0;2;0;4;112;48892.399999999536;5454.213999999976;242.74658592343258;1.438722610614829;48107.0;52376.0;364625.0;814873.3333333257;465108.0)
((3,112),0;0;0;3;112;44378.12399999722;5393.431999999927;244.69579560443793;1.3877937322948155;38196.0;36476.0;336091.0;739635.3999999536;410763.0)
((10,111),0;2;0;10;111;55067.64200000229;5473.938;244.1509805410372;1.651562315225675;60445.0;53473.0;335529.0;917794.0333333716;449447.0)
((11,109),0;2;0;11;109;72604.17000000077;4950.484000000003;240.77997463216997;6.095336538225089;74090.0;82931.0;362423.0;1210069.5000000128;519444.0)
